7.37463e-05	9.381352174995958e-10
0.000102921	1.4960107204531564e-09
0.000143638	2.385647090427569e-09
0.000200463	3.804319866321019e-09
0.000279769	6.066644358460281e-09
0.000390449	9.674291081826152e-09
0.000544916	1.5427320199121355e-08
0.000760491	2.4601456505529485e-08
0.00106135	3.923116305488544e-08
0.00148123	6.256055728773267e-08
0.00206723	9.97639022221981e-08
0.00288505	1.59090333201146e-07
0.00402641	2.536963996629713e-07
0.00416289	2.658165511491165e-07
0.00430399	2.7851517613269264e-07
0.00444987	2.918202078951123e-07
0.0046007	3.0576135229995145e-07
0.00475664	3.2036827785908236e-07
0.00491787	3.3567343408618174e-07
0.00508456	3.5170928747807357e-07
0.0052569	3.685112167947526e-07
0.00543509	3.861166642355037e-07
0.00561931	4.0456219559000306e-07
0.00580978	4.238895123637211e-07
0.0060067	4.441395296841419e-07
0.0062103	4.653575042840071e-07
0.0064208	4.875890106946806e-07
0.00663843	5.108820474827971e-07
0.00686344	5.352882218998986e-07
0.00709608	5.608607052921954e-07
0.0073366	5.876542584565427e-07
0.00758528	6.157286658538418e-07
0.00784238	6.451432303360932e-07
0.0081082	6.759636513887221e-07
0.00838303	7.082564496419363e-07
0.00866717	7.420913178657387e-07
0.00896095	7.775436612938911e-07
0.00926468	8.146887185433551e-07
0.0095787	8.536076720570221e-07
0.00990338	8.943879318408758e-07
0.0102391	9.371208658060674e-07
0.0105861	9.818824522834635e-07
0.0109449	1.028787376354583e-06
0.0113159	1.0779381703853467e-06
0.0116995	1.1294404355217678e-06
0.012096	1.1833891932857532e-06
0.012506	1.2399235356159693e-06
0.0129299	1.2991591070034199e-06
0.0133682	1.3612290777711808e-06
0.0138213	1.426256250657704e-06
0.0142897	1.4943814408948838e-06
0.0147741	1.5657793369293473e-06
0.0152749	1.6405853745231234e-06
0.0157926	1.7189537800331584e-06
0.0163279	1.8010740718783296e-06
0.0168813	1.8871105933075294e-06
0.0174535	1.9772639671700715e-06
0.0180451	2.071725062562825e-06
0.0186568	2.1707066057985843e-06
0.0192891	2.274394832739188e-06
0.019943	2.3830644857330794e-06
0.0206189	2.4968979847745854e-06
0.0213178	2.616184970200093e-06
0.0220404	2.7411725263882394e-06
0.0227874	2.8721148052522983e-06
0.0235598	3.0093267714760456e-06
0.0243584	3.1530972856104005e-06
0.025184	3.303723590850593e-06
0.0260376	3.4615486587256175e-06
0.0269202	3.6269260811260703e-06
0.0278326	3.800182020958181e-06
0.028776	3.981729055602181e-06
0.0297514	4.171953693306521e-06
0.0307598	4.371253769868916e-06
0.0318024	4.580078941796087e-06
0.0328804	4.79889269076196e-06
0.0339948	5.028131140994588e-06
0.0351471	5.2683474045582375e-06
0.0363384	5.520027371152342e-06
0.0375701	5.78373519732192e-06
0.0388436	6.060052297511702e-06
0.0401602	6.349555495321538e-06
0.0415214	6.652883115117804e-06
0.0429288	6.970715496245243e-06
0.0443839	7.30373075239532e-06
0.0458882	7.652626917895149e-06
0.0474436	8.01821688871987e-06
0.0490517	8.401267216498286e-06
0.0507144	8.802639534407431e-06
0.0524333	9.223148009754155e-06
0.0542106	9.663779438006807e-06
0.056048	1.0125425381763865e-05
0.0579478	1.0609156187208774e-05
0.0606791	1.1315764291291321e-05
0.0634105	1.2035240087081578e-05
0.0661418	1.2767195927752985e-05
0.0688732	1.3511372767838878e-05
0.0716045	1.4267423501765763e-05
0.0743359	1.5035128873468938e-05
0.0770672	1.5814174340313787e-05
0.0797985	1.6604344239308353e-05
0.0825299	1.740543797650249e-05
0.0852612	1.8217179041283815e-05
0.0879926	1.9039420255486873e-05
0.0907239	1.9871905135239495e-05
0.0934553	2.0714507869585513e-05
0.0961866	2.156698878902377e-05
0.098918	2.242924047207878e-05
0.101649	2.330094121788913e-05
0.104381	2.4182385718135383e-05
0.107112	2.5072779973621775e-05
0.109843	2.597230232617841e-05
0.112575	2.688115019546395e-05
0.115306	2.7798526669772132e-05
0.118037	2.8724636253185522e-05
0.120769	2.965970095302057e-05
0.1235		3.060291881687832e-05
0.126231	3.1554517323992166e-05
0.128963	3.2514740169984156e-05
0.131694	3.348277881939038e-05
0.134425	3.445888119710183e-05
0.137157	3.544331037375551e-05
0.139888	3.643525010448237e-05
0.142619	3.743496671710737e-05
0.145351	3.844274078056871e-05
0.148082	3.945774751520089e-05
0.150814	4.048064575638891e-05
0.153545	4.151060468740484e-05
0.156276	4.2547917728423763e-05
0.159008	4.359289130830572e-05
0.161739	4.4644685162694106e-05
0.16447		4.570360724522739e-05
0.167202	4.676997790450022e-05
0.169933	4.784294707543617e-05
0.172664	4.8922836195094094e-05
0.175396	5.000997855477227e-05
0.178127	5.110351403884354e-05
0.180858	5.220377666889607e-05
0.18359		5.3311111840311045e-05
0.186321	5.442464921605045e-05
0.189052	5.554473462566981e-05
0.191784	5.667172484238546e-05
0.194515	5.780473919771073e-05
0.197246	5.894413465269558e-05
0.199978	6.009027872435017e-05
0.202709	6.124228034981061e-05
0.20544		6.240050702786017e-05
0.208172	6.356533646165696e-05
0.210903	6.473586716767454e-05
0.213634	6.591247665764618e-05
0.216366	6.70955523270929e-05
0.225019	7.088200211233102e-05
0.234019	7.488255884435045e-05
0.243378	7.910846444512232e-05
0.253112	8.357318223882977e-05
0.263235	8.828973144344219e-05
0.273764	9.32730079382497e-05
0.284713	9.853699777331404e-05
0.2961		0.00010409811847365576
0.307942	0.00010997288188267147
0.320258	0.00011617938992306374
0.333067	0.00012273639327014662
0.346388	0.00012966330378122665
0.360241	0.00013698073900911075
0.374649	0.00014471165766907643
0.389633	0.00015287875415090065
0.405216	0.00016150662018208273
0.421423	0.00017062184652772908
0.438278	0.00018025140109753245
0.455807	0.00019042435633736938
0.474036	0.0002011708098709218
0.492995	0.00021252431745325426
0.512713	0.0002245190368584604
0.533219	0.00023719032603618532
0.554544	0.00025057603020313407
0.576723	0.00026471788837738634
0.599789	0.00027965784378895705
0.623778	0.00029544128567353194
0.648726	0.0003121152115680523
0.806208	0.00042311171900939184
1.00192		0.0005735818149854108
1.24514		0.000778738577154741
1.54741		0.0008774491354723966
1.92305		0.0012642886835780606
2.38989		0.0016477931913969892
2.97005		0.0023072681704750606
3.69105		0.002861630074114751
4.58708		0.003504477588681474
5.70062		0.004433112088212692
7.08449		0.00473720349404903
8.80429		0.004508794608340412
10.9416		0.003504874756383863
13.5977		0.0025244160825302797
16.8987		0.0011464330904714533
21.001		0.000267414085649419
26.0991		3.0012484246283097e-05
32.4348		7.319192754885893e-07
40.3086		2.172362343307312e-09
50.0937		2.388979337712556e-13
62.2543		1.468415336389369e-19
77.367		3.5864678768150345e-29
96.1484		3.9627950663377373e-44
119.489		2.800637090173905e-67
148.496		3.702517829637494e-103
184.544		3.702517829637494e-103 
229.343		3.702517829637494e-103
285.018		3.702517829637494e-103
354.208		3.702517829637494e-103
440.195		3.702517829637494e-103
547.055		3.702517829637494e-103
679.856		3.702517829637494e-103
844.896		3.702517829637494e-103
1050.0		3.702517829637494e-103
